
103
15:3:2018
1018241 1
1018242 0
1018243 1
1018244 0
1018245 1
1018246 0
1018247 1
1018248 1
1018249 0
1018250 1
103
24:3:2018
1018241 0
1018242 1
1018243 0
1018244 1
1018245 0
1018246 1
1018247 1
1018248 0
1018249 1
1018250 1
103
28:3:2018
1018241 1
1018242 0
1018243 1
1018244 1
1018245 0
1018246 1
1018247 1
1018248 0
1018249 1
1018250 0
103
4:4:2018
1018241 1
1018242 1
1018243 1
1018244 1
1018245 1
1018246 1
1018247 1
1018248 1
1018249 1
1018250 1
103
4:4:2018
1018241 1
1018242 0
1018243 0
1018244 1
1018245 0
1018246 1
1018247 1
1018248 0
1018249 1
1018250 1
103
4:4:2018
1018241 1
1018242 1
1018243 1
1018244 1
1018245 0
1018246 1
1018247 1
1018248 1
1018249 1
1018250 1
101
17:6:2019
1018241 1
1018242 1
1018243 1
1018244 1
1018245 1
1018246 1
1018247 1
1018248 1
1018249 1
