
1
103
1018241 24
1018242 21
1018243 12
1018244 10
1018245 4
1018246 17
1018247 4
1018248 14
1018249 25
1018250 25
1
103
1018241 14
1018242 14
1018243 15
1018244 15
1018245 12
1018246 16
1018247 25
1018248 24
1018249 25
1018250 21
2
103
1018241 23
1018242 23
1018243 23
1018244 2
1018245 0
1018246 25
1018247 2
1018248 3
1018249 4
1018250 2
1
103
1018241 25
1018242 25
1018243 2
1018244 25
1018245 25
1018246 25
1018247 25
1018248 25
1018249 25
1018250 25
